0 0.594301 0.469636 0.111970 0.096845
0 0.581337 0.948107 0.111822 0.103787
0 0.490399 0.361452 0.193843 0.180988
0 0.432345 0.998857 0.104819 0.002286
0 0.585728 0.599399 0.064002 0.069215
0 0.392715 0.754553 0.083032 0.083720
0 0.338642 0.673767 0.059556 0.060050
0 0.290801 0.907140 0.047947 0.060951
0 0.668994 0.545324 0.158890 0.161834
0 0.548618 0.534474 0.173363 0.186859
0 0.608415 0.901973 0.063427 0.072865
0 0.606493 0.268293 0.136868 0.136887
0 0.459035 0.843410 0.176831 0.211632
0 0.683167 0.415338 0.183437 0.162139
0 0.682471 0.967305 0.161310 0.065389
0 0.311584 0.985113 0.130827 0.029774
0 0.453560 0.049906 0.189996 0.099811
0 0.443462 0.620412 0.131918 0.134465
0 0.420113 0.127141 0.103584 0.097679
0 0.698531 0.906447 0.089771 0.093174
0 0.345845 0.150165 0.061511 0.056070
0 0.467723 0.943227 0.114895 0.113546
0 0.677521 0.325205 0.201185 0.155650
0 0.599854 0.400603 0.197957 0.219277
0 0.328044 0.078956 0.208217 0.157912
0 0.296526 0.130296 0.101456 0.099280
0 0.467060 0.091024 0.083184 0.076263
0 0.456878 0.717552 0.186749 0.178271
0 0.329598 0.566936 0.179956 0.212808
0 0.667297 0.119860 0.121975 0.153730
0 0.520341 0.443709 0.119010 0.095765
0 0.386651 0.687288 0.086006 0.095677