0 0.634538 0.311824 0.177880 0.196578
0 0.010878 0.276448 0.021755 0.103543
0 0.990731 0.201983 0.018538 0.178697
0 0.339218 0.222726 0.056060 0.052177
0 0.216333 0.918489 0.187258 0.163022
0 0.130878 0.194710 0.055052 0.045250
0 0.172104 0.280786 0.189652 0.185562
0 0.032516 0.178941 0.065033 0.137118
0 0.939006 0.271025 0.121988 0.179569
0 0.384992 0.283807 0.125583 0.128929
0 0.853361 0.274818 0.099463 0.093363
0 0.822016 0.227404 0.053603 0.063690
0 0.065354 0.290996 0.130709 0.137345
0 0.907772 0.194755 0.184455 0.194089
0 0.833501 0.193320 0.084565 0.077893
0 0.894459 0.309707 0.075269 0.074859
0 0.290049 0.286482 0.173357 0.178705
0 0.437144 0.202721 0.195717 0.193839