0 0.107256 0.885291 0.001680 0.001410
0 0.587078 0.218145 0.134611 0.152943
0 0.940823 0.492069 0.118353 0.160918
0 0.958885 0.390913 0.082230 0.215131
0 0.911064 0.446102 0.077506 0.075558
0 0.486215 0.026017 0.044770 0.046116
0 0.007273 0.369518 0.014545 0.143599
0 0.444449 0.163339 0.135778 0.123849
0 0.325271 0.036774 0.177876 0.073548
0 0.856279 0.369602 0.163098 0.165003
0 0.456631 0.083125 0.103249 0.111777
0 0.787595 0.312585 0.089260 0.064106
0 0.814235 0.265303 0.036726 0.055134
0 0.257620 0.010183 0.121672 0.020365
0 0.495104 0.228494 0.119474 0.167290
0 0.899734 0.291841 0.191184 0.169813
0 0.855694 0.246938 0.081468 0.071820
0 0.787074 0.358121 0.064743 0.065753
0 0.388624 0.056073 0.158863 0.112145
0 0.555350 0.071092 0.175130 0.142184
0 0.450282 0.040913 0.080242 0.070105