0 0.590598 0.303514 0.106578 0.089384
0 0.596449 0.736051 0.131582 0.147745
0 0.491334 0.223044 0.179192 0.176974
0 0.416959 0.822964 0.127799 0.134372
0 0.476414 0.003638 0.165489 0.007275
0 0.374001 0.019515 0.145512 0.039030
0 0.587747 0.413846 0.066927 0.076309
0 0.545436 0.953657 0.202618 0.092686
0 0.275946 0.995557 0.133885 0.008885
0 0.383546 0.541032 0.088556 0.099707
0 0.491519 0.920923 0.117638 0.115385
0 0.695615 0.977053 0.147502 0.045894
0 0.658778 0.908511 0.166995 0.122488
0 0.330385 0.473931 0.061184 0.058951
0 0.255106 0.700121 0.059844 0.065124
0 0.667261 0.352148 0.154964 0.142061
0 0.547125 0.348637 0.168574 0.122038
0 0.626285 0.692621 0.073001 0.080149
0 0.595212 0.171058 0.122093 0.122485
0 0.443770 0.952617 0.166092 0.094766
0 0.456816 0.597981 0.196564 0.199489
0 0.673476 0.263028 0.174609 0.170923
0 0.728231 0.798305 0.206987 0.229621
0 0.264628 0.830644 0.154323 0.233223
0 0.461162 0.041961 0.155816 0.083923
0 0.442944 0.414036 0.133679 0.152269
0 0.432348 0.090315 0.086960 0.092742
0 0.731630 0.691395 0.104112 0.105735
0 0.367442 0.107892 0.053181 0.052191
0 0.459899 0.727583 0.138841 0.190379
0 0.660979 0.168513 0.182679 0.178274
0 0.451046 0.872293 0.075071 0.086080
0 0.591840 0.217788 0.182021 0.176938
0 0.285874 0.937916 0.202551 0.124168
0 0.414830 0.028528 0.070649 0.057055
0 0.357152 0.054491 0.174486 0.108981
0 0.326493 0.094047 0.085556 0.081935
0 0.472462 0.072382 0.069720 0.045814
0 0.453056 0.492254 0.200311 0.214323
0 0.326253 0.363482 0.191418 0.202770
0 0.370522 0.963342 0.103656 0.073316
0 0.640847 0.081605 0.096625 0.111980
0 0.555873 0.877549 0.090829 0.079485
0 0.519234 0.283159 0.113542 0.095152
0 0.380576 0.484585 0.088477 0.101240